552
1
38200
66150
72913
40407
71708
76378
62362
70469
14146
69693
51175
78334
55016
25432
48327
74823
42464
75147
64799
79350
68562
31282
66609
23480
61896
79450
18473
50779
19619
79907
36200
57956
16558
73249
67836
47153
17949
17523
57009
363
38881
60684
5726
71167
35581
8387
61216
9666
14630
73477
16599
14408
54928
74944
20000
36531
74718
24010
11636
73979
60445
13242
65052
72110
50484
78707
72186
59034
76047
71275
56455
71120
70647
5985
7069
77338
78319
79407
72627
14706
67497
68095
66353
2268
66215
619
12363
30606
59893
67197
74491
73010
25156
48865
41148
48281
71142
61483
77344
8893
68002
68384
3532
72724
54591
52807
69989
27077
54564
58405
73260
70782
65865
46502
46307
49788
71774
64174
22743
53357
73082
55074
67648
68401
55968
78513
46521
73509
46535
55716
20914
55483
39098
5844
41312
39069
46859
42172
43984
33108
46369
42158
51638
58734
41758
30095
44370
32915
23860
40734
34258
52307
43757
28655
56460
54975
69802
65848
44973
26365
76590
65301
36409
29020
1401
66937
64842
38549
38003
36121
22727
42880
67960
24275
25980
23515
28018
47844
39094
53556
54292
21577
62262
45410
19388
18224
71685
25166
27037
28034
51645
17416
35693
38575
53947
58357
66346
17166
67185
32611
21009
22324
16554
17240
20656
16591
16366
13454
16924
9992
23945
29027
23068
11633
6142
30318
22111
18058
25424
11586
22708
13806
17155
16681
37262
4269
18579
5618
3722
46639
16022
4672
30647
25345
5781
13421
42812
27569
20465
3816
3107
10724
13942
28101
16685
1344
13830
19566
34640
26850
78229
79957
500
2725
79175
20189
18563
3001
22462
77068
76522
18108
4566
79087
79893
79468
31109
76621
76767
75944
75595
75361
4688
19432
29410
78054
11538
13962
9429
79690
28688
79248
76244
3910
74112
77399
74750
78324
73538
23292
3614
77730
73579
16836
16423
6784
34451
79718
72385
72737
72431
73441
74194
76346
72583
72570
482
76188
73993
3103
78330
76441
77206
72252
75232
74647
78152
40216
79392
3724
70746
74161
74996
71940
71363
69766
69732
2589
21793
70033
70498
73014
70624
69480
70329
23789
75090
4276
74988
76422
68776
69621
67985
69370
72065
76593
68169
69371
68276
70212
68602
74680
2344
68540
70434
74788
66505
67636
73003
66444
72401
66977
71999
70019
70450
68960
69863
65641
66373
71634
71946
68699
75158
69491
65105
73147
67693
64687
65034
66744
3114
64871
66001
2485
65708
65431
76872
63913
75680
74418
69510
70517
75302
64368
65589
70715
76787
64848
69624
62751
68370
65371
68933
62264
62870
65285
72096
62395
66252
67690
60549
62346
68580
59584
67323
73772
62792
63384
59501
61938
66742
59999
58573
59654
60656
66743
69721
58090
74610
63278
58519
65424
70968
56956
66487
64475
66411
75830
65249
57848
67963
64506
63027
60005
60624
56596
57653
64007
64370
56875
55695
56893
58409
68635
60436
57870
57943
65833
65397
55952
56628
55414
55713
63005
58635
60484
64248
59375
57371
63713
54526
60153
56959
68094
56276
53811
59648
66747
53231
54178
64257
52275
53242
53788
67642
54990
62492
55310
58355
74334
56945
52342
53039
54111
51537
56450
61154
57205
52800
54417
50039
51050
64298
55262
60212
52943
63355
55349
54624
52728
49577
49986
56920
57951
49117
66762
55566
52280
50134
51694
48493
50875
55979
50378
48902
49909
49367
56454
55211
46242
50769
67217
47026
47451
47700
49664
45425
53301
58849
51610
46797
58945
47624
47131
47477
49893
47227
52680
47063
44948
49167
