355
50321
50472
69644
49246
7910
18345
17987
2188
56014
73739
30285
46574
31701
36770
26541
69048
35923
29482
10497
6813
72494
56543
63032
70189
17862
52747
26715
60841
29822
23733
51739
58530
77309
5045
29888
67644
55827
60365
76926
9
41710
50533
61484
66149
7429
64347
16951
1211
53711
4678
39807
69172
74097
29138
62973
16298
40327
73009
61419
8264
57441
75724
79164
45319
6306
27620
79236
6379
8391
1850
36717
53752
5479
54167
40285
21690
12635
4539
32680
17570
40056
68574
1125
34458
79557
22739
51882
70568
52541
4511
27112
69775
64243
51652
64325
24775
2341
7018
77328
69452
17888
7584
74051
43902
57868
30612
11397
26157
76984
27094
65326
51325
61592
33017
70437
36003
57151
39525
56045
66825
27237
63135
24732
12347
19494
54866
71360
25741
40936
36286
28053
5694
78223
62503
9952
33415
62566
17764
65360
52358
49291
74003
69725
38051
69212
76552
73432
33126
44992
59805
42952
60030
20430
9619
66754
79984
30750
65622
67450
43657
77864
15403
56528
8499
31968
33403
48973
64084
31382
23816
46977
26557
52010
77981
43337
44327
33186
61897
63893
1148
38810
33563
54209
14212
55268
79914
147
37358
12281
3711
16417
57283
54950
30109
34245
29444
9365
29912
8332
5426
66399
72757
8413
70712
64732
39265
45732
67188
18533
42785
38159
74529
10353
64705
71322
4938
61235
16792
28070
42091
19900
24142
46673
49094
9258
33359
26205
69776
55735
49918
37582
18084
20286
75720
40728
57833
51239
40634
27245
72058
62849
34507
66002
77277
20510
54246
23311
41345
45655
41520
12224
3186
27946
40971
65058
60271
1451
12313
69106
59371
57413
14741
4423
42514
35741
24463
32135
76989
11079
32636
32940
64194
76486
6169
14032
37486
22163
30018
1092
4526
29968
40132
7903
67159
38094
67818
6810
51151
56814
14225
71666
72749
42267
18548
25276
26711
71444
53924
46395
10789
6376
49779
70803
27072
26284
10221
37329
68877
49772
34328
32997
1977
20196
7275
8950
21166
23599
14670
12785
39136
24658
347
24160
60848
23662
47044
46772
79222
72819
11630
12161
7478
41168
38803
51178
60380
79471
37533
17809
75747
46082
30883
27179
11936
34753
17125
53521
35783
40736
7571
72620
77090
48696
6414
3087
