730
942
166
595 437
957 151
834 244
363 553
577 562
347
54 894
441
775
22
911 297
202
337 544
807
659 475
529 583
884 256
261
924
288 737
533
28
97 847
419 740
830
871 330
175 982
207 744
497
545 571
190 795
631 383
945 91
322 615
79 861
754
926
568 341
38
466 735
889
636 327
666 304
69 8
510 452
633 368
600 262
306 661
281
698 231
495 622
815
753 355
762 415
542 670
131 912
579 528
57 10
295 846
36 157
630 394
552 620
962
818 252
876 227
657 405
64 20
487 444
498 454
720 137
215 770
209
777
179
161 808
940 153
946 105
218 794
353 695
128 833
788 401
990 147
280 697
399 813
359 662
496 409
676 236
898 243
277
478 624
152 797
736
316
102 40
320
338 681
171 952
559
892 114
985 51
253 619
512 408
492 609
272
987
264 873
949 165
234 866
979 67
918 285
582 474
673 461
352
223 760
86 993
710 407
216
95 115
839
909 155
758 350
85 932
660 307
34
266 763
241
570
951
742
406
539
428 625
996 6
635 481
789 371
679
819
464 572
961 903
557
509
707
119 858
683 458
974 44
669
206 881
586 617
457
267
692
224 765
87
172 943
61 156
50
904 195
704
279
178
432 482
883 386
58 988
792
238 857
404
370
902 108
897 947
225
393
731 133
276
908
712
594
919 259
548 665
76 129
226 879
587 289
899
313
782 402
81
450
715 365
688
258
933
356
992
104 814
936
551
395 817
185 960
23
567
596
590 434
668 270
723
499
163 12
65 134
117 991
941 150
123 80
400
476 714
696 204
53 995
779
963
7
286
78
964
605
41
910 915
237 885
663
427 471
994
193
82 956
934 182
682
717 138
387
430
333
390 612
116 825
812
644
309
536
598 263
628 443
19
896
638
928 937
366 653
558 372
998
997
774 290
111
384 494
113
310 840
417 751
810 273
667
71 835
802
816 345
37 26
769 336
385 643
449 469
711 373
160 30
468
502
143 801
14
618 522
634 513
423
756
589 524
254
291 856
645
149
331 675
187
781 99
550
429
398 543
629
109
820
700 438
783 162
749 183
127
217
47 144
752 413
247
255
855
25
958 146
699 242
585 459
126 32
465 664
62
576
560
771
930 173
776
671
328
180 796
73
931
603 249
83
860
403 521
158 832
746
798 118
246 726
55 853
219
955
658
11
418 511
484 455
300
827
305
59 841
435
268
607 422
838 199
191 929
563 534
601 490
211
905
527 686
84 837
517 547
324 581
284
340
778
332
416
709 414
488
198 920
975
597
213
693
257 703
456
70
561
275
654
197
981 872
844
0 31
799
167
4
314
335 674
98
745
451
773 130
724
999 27
343 537
864
578 339
245
148
411
269 701
154
483
96 93
824 49
248 716
851
379
519
235
397
623
845
364
445 470
755
184
24
260
877
532
743
648
702
888
706
836
564 344
980 88
821
921
485
803
312
610
540
842
646
141
900
967 18
793 72
125
651 426
506
334
637 318
508
574
750 169
66 977
181
730
308
381
848
230
606
13
738
239
389
240
420
299
580 525
968 101
684 382
530
500
599 518
759 388
907
725
472
302
367
168 973
436
196
100
74
923
323
489
978
722
694
935
48
906
828 984
729
922
880
829
878
852
208
16
531
649
965 124
588
989
870
271 705
516
265
823
460
784
766
890
493
826
33
348
439
103
294
214 800
538
43
68 15
369
916 94
927 188
425
360
473
680
396
120
292
565
732
728
925
882 321
251
761
479
938
970
575
287
523 392
727
613
901 200
785
122
804
221 721
811
843
875
757
326
46 862
608 410
375 689
201
121
806 52
913
678
747
440
719
45
329
972
2 891
1
192
433
526
939
5
652
311
685 447
831
507
822
713
604
480
222
514
92
250 805
656
849
627
959
515
358
233
893
626
491
351
556
431
790
690
486
317
357
278
505
63
948
346
377
274
301
859
971
616
75
142
584
412
56
391
520
867
767
863
176
614
17
467
194
504
632 376
733
378
159
442
647
639
986
342
791
687
303
969
361
650
110
780
164
463
764
741
611
954
354
983
850
591
895
787
944
869
453
9
60
786
39
282
546
203
21
641
229
421
914
448
107
212
174
462
325
886
708
145
768
139
112
132
477
446
89
315
3
136
917
976
319
220
106
592
535 424
874
549
177
298
672
809
205
887
718
640
950
621
90
29
642
349
739
380
554
677
228
189
734
555
293
868 953
35
170
593
283
296
602
